-4  0 -6  1
-3  0 -6  1
-2  0 -7  1
-1  0 -7  1
 0  0 -7  1
 1  0 -7  1
 0  0 -6  2
 1  0 -6  2
-1  0 -6  2
-2  0 -6  2
-1  0 -5  2
 0  0 -5  2
-2  0 -5  1
 1  0 -5  1
-1  0 -4  2
 0  0 -4  2
#
-2  0 -4  1
-2  0 -3  1
 1  0 -4  1
 1  0 -3  1
 0  0 -3  1
-1  0 -3  1
 0  0 -2  1
-1  0 -2  1
 0  0 -1  1
-1  0 -1  1
#
 7  0 -6  1
 8  0 -6  1
 8  0 -5  1
 6  0  4  1
 6  0  5  1
 6  0  6  1
#
 3  0 -6  1
 4  0 -6  1
 2  0 -6  1

#

 0  0  10 1
 0  1  10 1

 -3  0  10 1
 -3  1  10 1

 -5  1  10 1

# -3  0  0  201
# -3  0  -2  200

